30
71
80
88
93
106
118
160
174
196
212
235
236
238
248
313
324
328
343
354
355
369
374
405
416
462
475
488
503
518
525
539
556
581
585
606
611
661
692
693
695
702
724
733
734
748
761
776
783
805
874
895
923
942
989
1041
1053
1146
1160
1162
1199
1207
1208
1209
1210
1214
1225
1240
1254
1270
1293
1297
1307
1309
1316
1362
1378
1390
1447
1468
1469
1470
1477
1535
1595
1609
1610
1614
1620
1621
1622
1646
1653
1654
1659
1670
1676
1678
1710
1711
1723
1733
1742
1752
1756
1757
1758
1759
1763
1765
1777
1784
1903
1919
1945
1949
1972
1991
2007
2064
2074
2122
2193
